Random Forest
Gradient Boosted Tress
adaboost 
svm
naive baise
logistic regression


backprop
KNN
ANN



-------------------------------------------------------------------------------------------------------------
random_state = 30

TestSize		Accuracy

AdaBoost
0.4 		 0.7105263157894737
0.35 		 0.7313432835820896
0.3 		 0.7368421052631579
0.25 		 0.7083333333333334
0.2 		 0.7894736842105263
0.15 		 0.6551724137931034
0.1 		 0.7894736842105263

Naive Bayes
0.4 		 0.4868421052631579
0.35 		 0.5074626865671642
0.3 		 0.543859649122807
0.25 		 0.5416666666666666
0.2 		 0.5526315789473685
0.15 		 0.5517241379310345
0.1 		 0.5789473684210527

Logistic Regression
0.4 		 0.6973684210526315
0.35 		 0.7014925373134329
0.3 		 0.6666666666666666
0.25 		 0.7083333333333334
0.2 		 0.7368421052631579
0.15 		 0.6551724137931034
0.1 		 0.5789473684210527

Support Vector Machine
0.4 		 0.631578947368421
0.35 		 0.6417910447761194
0.3 		 0.7017543859649122
0.25 		 0.6875
0.2 		 0.6842105263157895
0.15 		 0.5862068965517241
0.1 		 0.5789473684210527

RandomForest
0.4 		 0.8026315789473685
0.35 		 0.8059701492537313
0.3 		 0.7894736842105263
0.25 		 0.75
0.2 		 0.8421052631578947
0.15 		 0.7586206896551724
0.1 		 0.7894736842105263

GradientBoosted
0.4 		 0.8421052631578947
0.35 		 0.7761194029850746
0.3 		 0.7894736842105263
0.25 		 0.8541666666666666
0.2 		 0.8157894736842105
0.15 		 0.7586206896551724
0.1 		 0.7894736842105263


-------------------------------------------------------------------------------------------------------------
randomForest random_state in train_test_split() checked till 1000

testsize	random_state	Accuracy
0.4 		27 				0.8157894736842105
0.3			335 			0.8421052631578947
0.25 		58 				0.875
0.2			612 			0.8947368421052632
0.1			27 				0.9473684210526315


-------------------------------------------------------------------------------------------------------------

gradBoosted random_state in train_test_split() checked till 1000

testsize	random_state	Accuracy
0.4 		30 				0.8421052631578947
0.3			177 			0.8596491228070176
0.25 		172 			0.8958333333333334
0.2			372 			0.9210526315789473
0.1			177 			1.0


-------------------------------------------------------------------------------------------------------------

AdaBoost random_state in train_test_split() checked till 50000

testsize	random_state	Accuracy
0.4 		31542 			0.8552631578947368
0.3			2066 			0.8771929824561403
0.25 		4518 			0.8958333333333334
0.2			16356 			0.9473684210526315
0.1			4016			1.0


-------------------------------------------------------------------------------------------------------------

Naive Bayes random_state in train_test_split() checked till 100000

testsize	random_state	Accuracy
0.4 		28115 			0.75
0.3			61037 			0.8070175438596491
0.25 		61037 			0.8125
0.2			61037 			0.868421052631579
0.1			3955 			0.9473684210526315


-------------------------------------------------------------------------------------------------------------

Logistic Regression random_state in train_test_split() checked till 100000

testsize	random_state	Accuracy
0.4 		62198 			0.8552631578947368
0.3			63877 			0.8771929824561403
0.25 		7013 			0.875
0.2			34462 			0.9473684210526315 
0.1			27506 			1.0


-------------------------------------------------------------------------------------------------------------

Support Vector Machine random_state in train_test_split() checked till 100000

testsize	random_state	Accuracy
0.4 		5224 			0.8157894736842105
0.3			5014 			0.8596491228070176
0.25 		44072 			0.9166666666666666
0.2			48018 			0.9473684210526315
0.1			294 			1.0


-------------------------------------------------------------------------------------------------------------
random_state = 42

TestSize		Accuracy

AdaBoost
0.4 		 0.6447368421052632
0.35 		 0.6417910447761194
0.3 		 0.6491228070175439
0.25 		 0.625
0.2 		 0.6052631578947368
0.15 		 0.5862068965517241
0.1 		 0.6842105263157895

Naive Bayes
0.4 		 0.4868421052631579
0.35 		 0.5074626865671642
0.3 		 0.5087719298245614
0.25 		 0.5
0.2 		 0.47368421052631576
0.15 		 0.4827586206896552
0.1 		 0.42105263157894735

Logistic Regression
0.4 		 0.631578947368421
0.35 		 0.6268656716417911
0.3 		 0.6140350877192983
0.25 		 0.5833333333333334
0.2 		 0.6052631578947368
0.15 		 0.5517241379310345
0.1 		 0.5789473684210527

Support Vector Machine
0.4 		 0.5921052631578947
0.35 		 0.5970149253731343
0.3 		 0.5964912280701754
0.25 		 0.6041666666666666
0.2 		 0.5263157894736842
0.15 		 0.6551724137931034
0.1 		 0.7368421052631579

RandomForest
0.4 		 0.618421052631579
0.35 		 0.6417910447761194
0.3 		 0.6666666666666666
0.25 		 0.6458333333333334
0.2 		 0.5263157894736842
0.15 		 0.5862068965517241
0.1 		 0.5789473684210527

GradientBoosted
0.4 		 0.618421052631579
0.35 		 0.6417910447761194
0.3 		 0.6666666666666666
0.25 		 0.6458333333333334
0.2 		 0.5263157894736842
0.15 		 0.5862068965517241
0.1 		 0.5789473684210527
